1622206344
3356615508
2536405964
818857435
3380556825
1993151415
3889309736
4173383063
3693532257
2456380946
3423124394
2636187426
2268679951
3163186511
168108093
2596872200
1998784982
3192454788
1502821304
1472490845
343109557
3456039510
3789613579
2748816860
3164440052
572766897
2787478170
1744169388
3558822376
2107272288
1119263420
2160536089
1896154211
143738876
152883414
3711929843
1697267951
1366265137
1548489287
1264580240
111356329
3856349575
1583744854
4166025387
2717987819
2309040539
1672722839
1262915576
401170474
2867248056
3209285494
459358027
582610597
58885564
128863046
1476727534
3693633493
2355305748
2707114014
2524663479
3929404288
343885889
429748978
2819496060
1880346294
191673236
1607375763
3318881558
4120651765
1931267723
3598482176
1930720749
1669604145
3833836808
2725649486
2063606900
3762574349
1687658328
1854625676
2520141062
1546122453
3417684167
320122721
2662104099
111912330
2794537603
2287595090
33496026
1215199243
700930016
1758623169
1362459196
2346103785
429244070
2735402436
905069385
637802082
2244790288
2069938613
1171180013
3113079342
3525896462
3477209668
1800855788
4014205650
2803922947
405243109
834481664
1992035134
2042902541
1548513125
3292924267
1146334250
3739904017
107105256
2057426238
1213332031
3610274098
661895949
2797785713
3663596546
1146675646
3436615163
154722882
1958545502
110669331
3413398403
1756212630
2411783341
1273331762
4147892063
3067375513
575052520
3382745702
3046040958
4198491845
2942135836
4276036860
1881703242
3749299898
3179810036
2330022207
1421634643
2265699426
167859718
853044736
1300853466
731452781
18534173
725877002
1655214303
3190573737
3555552489
1344117868
380230665
1315094409
218556239
2376080625
2358511556
820331870
2947871851
1984562237
2120725774
2221608285
2868665676
1519753637
365306258
3526687283
4129280279
1416443918
3956233055
3075271357
2482351150
1292716681
3264060952
3816393320
661397778
3769082470
2519762810
1402244009
2167442413
3289270982
4214202800
649471350
3790340581
4083576583
2308980607
1356928612
2652705178
2748546446
3622188442
2615749228
3290128786
4004581581
449107477
1613095187
3812848554
2967613998
618290861
3971152572
917000223
2338901945
566125899
942420048
2489091122
1387554429
3561138774
3221438243
2091278514
3633977367
155115195
929564585
1643474650
3688444040
160052068
3856737595
3499092665
1836883875
2855550542
1871446006
3709501181
121975974
2658895969
4227106854
1699717435
1314187608
3597803240
899187470
1305155157
3837620219
1538042433
2026242950
2154250909
566847231
2763333017
4243626638
1935590578
2406312128
2764388142
2513819274
2244071730
1806424501
3826263627
592170144
2563514456
2616066645
2167469281
1808962081
1631305953
3880612113
2539673701
3520733839
2388920908
785510691
922070338
1504783409
3657429862
1226648959
3537689096
1016554485
3539242056
3128786650
972843619
4185562950
2063940571
3928483017
2007878853
1748051626
2450964177
678449811
1225927623
2174975558
3407787552
3377417486
2638213124
2051850618
3558087753
2004676544
1862633884
2912148695
3544695918
1722644838
3071907940
2566123979
3145794776
1045357492
506769536
2393062877
3203738407
2526314376
921172137
1839019395
2380805670
2514366044
1730731065
2475421817
1631317211
29381468
813777481
3543121641
4015435497
4208333497
3424597143
1981171834
2135903874
3024036087
3523372135
1046393569
944863526
1639202500
3768205197
3584422608
2327700084
3867166432
1369131307
3349850673
3338629951
2100915238
351120092
259031162
2625820082
3493520031
269019675
3783863598
2559837170
3982931123
1608436383
2776419423
220672820
231276070
1815904492
4133976411
3048833922
2051950685
1610118901
1229605343
474462155
2232835958
504637434
2438906728
4176892741
3980884998
3140523718
1533550779
4126804470
1304972669
2230051842
513767994
2221422240
2731128638
4015122614
2900264934
2356798329
2181018242
2410839825
1114595165
1594034938
2776325887
790706180
1590440562
145095453
3035276648
1140339222
3813585552
2569797232
502708846
3253563276
2281149214
1889451636
2562761145
1133573864
4209041573
809081350
2100133195
3617892738
1870491169
403709402
3889639436
1340427625
17471551
3361063203
2848486176
3307983394
128041828
1249382522
36865654
2970079028
204358221
2373941425
2780732677
3384921545
3490138432
638253759
3875768089
728020569
560514985
2191311834
2631624608
1855906020
3703408292
3576690959
454500641
189789304
1821024845
2782871508
2981800372
3529456656
2223101670
847200011
1842214380
1215706456
3680150286
3543393058
3554638915
599540460
2117837988
2499082325
2622845442
1390582646
3934885355
3285859622
3045673892
2221936481
627365739
1293278018
2635998267
46022775
646317946
541577050
1303433766
3244536054
2931906866
3017315137
3015052129
3405947247
2030170010
3233223274
2107640834
731277534
1734375669
2337134338
1078449617
2667128630
658916950
1103880926
2090973408
573912372
3013487002
717477637
3780948468
3543283028
2817710597
3380700754
2804847539
4141589360
1543389884
3987187581
2006045409
696565352
3845241311
1836112888
991225307
3711869075
4113458755
3525355070
1260179806
2629742896
2767365527
2450783865
3285993216
4054367834
3092225128
708653775
1449004523
3972636717
1460270390
1625200284
3661474484
389524969
3285654941
3298259100
2740891760
3499739444
3195339604
1533399127
2375075205
823906037
425267463
3005444484
8704915
487246095
3752168977
1130066461
79872565
1002102300
1761059883
3980950162
408546395
140617385
2821322024
1209486522
3166349996
3418588040
2128802012
462134879
3458010900
3842784960
2259843909
1071987326
3932099668
3079127170
3748578340
3320673804
3320217285
2406085865
1650900127
2641354397
1138095997
2928354878
1085196413
3029264402
3945906050
3309225291
307887227
2085772220
1364860369
1399517736
973159497
363988475
1727924958
986207348
3876121264
3311076067
2213409790
3160820847
1337015862
715364750
2250650839
3758063971
2037255431
2785211163
455621591
612063470
3315275902
1688028914
984972388
3698057963
3358869940
672379781
2623079179
388490440
3469443643
1622114207
2329339543
2572439765
1041158953
1909399954
2096577742
1823958397
4055634904
560891339
30752739
3492225034
169228287
2137184259
3635159802
1378231951
862323415
496315475
4000801854
1573938555
1225011027
1832429533
1782334721
2251106659
2711442604
286379295
3931171542
893297309
1646669757
3728088300
492196184
2762189016
1465373952
4211246411
3982901987
289432015
2119981956
3609137213
3932614687
1910358696
3020460356
3012261694
3280895887
3008744803
435284400
2572318038
4022389148
3868030922
3097015129
1964983384
1653925012
4184134646
822697551
3296326884
3233766165
1826585519
2832868254
475258727
3342181666
1493030168
373923440
3219067674
283037223
3384817467
2367182442
851948098
135938524
1114006981
3066802661
2958219603
2140745618
2591707817
3687301982
